Wavelength (nm)	Dilution Corrected Absorbance
230	0.3238746
233	0.3085778
236	0.2964962
239	0.2856074
242	0.2761248
245	0.2680582
248	0.2613918
251	0.2552751
254	0.2496775
257	0.2438458
260	0.2375766
263	0.2309216
266	0.223842
269	0.2168328
272	0.2094707
275	0.2022013
278	0.1946069
281	0.1857249
284	0.1764162
287	0.1652769
290	0.1597381
293	0.1522498
296	0.1456728
299	0.1395798
302	0.1340764
305	0.1290535
308	0.1244815
311	0.1202238
314	0.1160013
317	0.1120105
320	0.1081051
323	0.1040819
326	0.1001053
329	0.09640591
332	0.0927084
335	0.08936488
338	0.08619173
341	0.08306515
344	0.08018957
347	0.0774149
350	0.07475066
353	0.07200408
356	0.06926654
359	0.06658316
362	0.063609
365	0.06062643
368	0.05755663
371	0.05438836
374	0.05111363
377	0.04800785
380	0.04507663
383	0.04232905
386	0.03962126
389	0.03702536
392	0.03468403
395	0.03244185
398	0.03063826
401	0.02889388
404	0.02730182
407	0.02581788
410	0.02438109
413	0.02313014
416	0.0219916
419	0.02100581
422	0.02002918
425	0.01916768
428	0.01838547
431	0.01753865
434	0.01675858
437	0.01602699
440	0.01534189
443	0.01464824
446	0.01403755
449	0.01347792
452	0.01301535
455	0.01255802
458	0.012162
461	0.01179254
464	0.01139162
467	0.01100905
470	0.01060649
473	0.01022448
476	0.009881163
479	0.009454577
482	0.009122125
485	0.008864844
488	0.00852599
491	0.008244855
494	0.007945662
497	0.007721939
500	0.007504906
503	0.007237984
506	0.006982926
509	0.006824245
512	0.006604489
515	0.006449925
518	0.00620771
521	0.006114141
524	0.005917256
527	0.005704854
530	0.005486405
533	0.005320099
536	0.005184334
539	0.005006388
542	0.004800728
545	0.004692903
548	0.004624042
551	0.00449567
554	0.00435666
557	0.004275433
560	0.004178647
563	0.004081687
566	0.004011686
569	0.003952593
572	0.003909528
575	0.003782327
578	0.00366002
581	0.003553086
584	0.003424982
587	0.003323891
590	0.003212158
593	0.00318495
596	0.003134027
599	0.003039998
602	0.002977318
605	0.002897109
608	0.002851717
611	0.002782376
614	0.002698778
617	0.002588577
620	0.002548432
623	0.002565749
626	0.002514199
629	0.002479337
632	0.002501885
635	0.002486544
638	0.002437871
641	0.002288544
644	0.002326965
647	0.002257267
650	0.002201767
653	0.002094008
656	0.002194479
659	0.002190278
662	0.001997443
665	0.001950562
668	0.002007546
671	0.002019528
674	0.001882767
677	0.001928484
680	0.002062158
683	0.001907917
686	0.001745182
689	0.001696159
692	0.001691333
695	0.001564649
698	0.001399862
701	0.001623374
704	0.001591066
707	0.001737147
710	0.001668904
713	0.001547013
716	0.001354757
719	0.00122009
722	0.001159135
725	0.001248336
728	0.001394825
731	0.001444097
734	0.001429341
737	0.001316244
740	0.00125895
743	0.001284904
746	0.001219664
749	0.001237006
752	0.001224579
755	0.00124639
758	0.001135748
761	0.001167459
764	0.001224396
767	0.001207814
770	0.001212465
773	0.001383984
776	0.001557619
779	0.001391201
782	0.001355281
785	0.00149725
788	0.001310723
791	0.001331374
794	0.001497669
797	0.00147544
800	0.001309177
