Wavelength	I1	I1 dark	R1	R1dark	XCorrect	I1c	R1c	I1c/R1c	Abs	Percent T
nm	uA	uA	uA	uA		uA	uA	uA/uA	OD	T*100
	Abs Detector Raw	Dark Offset for Abs Detector	Ref Detector Raw	Dark Offset for Ref Detector	Linear interp	Dark subtracted Abs Detector	Corrected Ref Detector	Corrected Intensity 	-Log(T)	% Transmittance
800	0.148804814049265	0.00296847247368087	0.212992943637448	0.00110450046574807	1.34088253974915	0.145836341575584	0.284117513823561	0.513295852877798	2.78935451037981E-4	99.9357933601435
797	0.145015393707656		0.207885523461323		1.3260293006897	0.142046921233976	0.274197695318722	0.518045642465605	2.78158801911326E-4	99.9359720755527
794	0.156216694131343		0.224979925401073		1.31175875663757	0.153248221657662	0.293670549054871	0.521837215719676	2.89192756332015E-4	99.9334330726431
791	0.170205026938303		0.245232187588216		1.29830348491669	0.167236554464622	0.31695182695575	0.527640291809927	2.86686979975306E-4	99.9340096665596
788	0.155810932757537		0.22463570299034		1.28535497188568	0.152842460283856	0.287316942536569	0.531964662210628	3.19459205999042E-4	99.9264688468568
785	0.151553559422498		0.219067520944718		1.27193987369537	0.148585086948817	0.277235856738283	0.53595191003408	3.12596452970135E-4	99.9280479046704
782	0.157511968593636		0.228156076664017		1.25860202312469	0.154543496119955	0.285767573156792	0.540801373692464	2.97162676890032E-4	99.9315991690412
779	0.166723857518619		0.242097271066318		1.24614322185516	0.163755385044938	0.300311507599997	0.545285081992441	2.43072808932641E-4	99.9440460774131
776	0.184728925653461		0.269057491905856		1.23451888561249	0.18176045317978	0.330793028389175	0.549468814578344	2.17560445667643E-4	99.9499174016203
773	0.212116552954914		0.309796353742584		1.22383856773376	0.209148080481233	0.377788995585404	0.553610832833147	2.11471242094342E-4	99.9513188001787
770	0.277592763783372		0.407473690388417		1.21381187438965	0.274624291309691	0.493255748114238	0.556758420676505	1.76463480466895E-4	99.9593760358097
767	0.420185850524389		0.617828710452421		1.20520555973053	0.417217378050708	0.743279446696357	0.561319675803103	1.24207865441374E-4	99.9714041714469
764	0.442607884431377		0.648277526859074		1.19851565361023	0.439639411957696	0.775647002726707	0.566803469119573	1.25102808200865E-4	99.9711981624003
761	0.350029651463899		0.512964488611916		1.19181299209595	0.347061178990219	0.610041384006681	0.568914155808187	1.23023155019628E-4	99.971676883468
758	0.334882712895273		0.491777999896524		1.18398952484131	0.331914240421592	0.580952283443267	0.571327886783331	1.19921760330173E-4	99.9723908062734
755	0.363058434828587		0.533823845065431		1.17633533477783	0.360089962354906	0.626656588572296	0.574620883146373	1.36292194844317E-4	99.9686224861579
752	0.39977235725879		0.58810700509633		1.16980671882629	0.396803884785109	0.686679473884717	0.577858957309864	1.02824680352377E-4	99.9763265449876
749	0.435080672547392		0.64028173358658		1.16390073299408	0.432112200073711	0.743938850142464	0.58084370777378	1.05690720566722E-4	99.9756667732455
746	0.495341930393758		0.729483438247237		1.15848278999329	0.492373457920077	0.843814464013446	0.583509146759816	1.03620780281711E-4	99.9761432797681
743	0.584887546185854		0.860943681252222		1.15345752239227	0.581919073712173	0.991787971125768	0.586737378001916	8.47919512526385E-5	99.9804778375262
740	0.659646109424731		0.970340831083647		1.14841175079346	0.65667763695105	1.11308239137753	0.589963188743252	9.92281029725759E-5	99.977154494912
737	0.783651557537628		1.15326236660761		1.14263534545898	0.780683085063947	1.31649630140229	0.59300059121502	1.00784140004005E-4	99.9767962866397
734	0.937214371865428		1.37732962889588		1.13635516166687	0.934245899391747	1.56388052830723	0.597389559164722	1.48741831367931E-4	99.965756791964
731	0.98852100984401		1.4509468490607		1.12990951538086	0.98555253737033	1.63819066547957	0.601610397457499	2.04084854833411E-4	99.9530187651954
728	0.964213022880593		1.41611356550848		1.12338900566101	0.961244550406912	1.58960562657967	0.604706308491878	2.31377317635581E-4	99.9467375932141
725	0.943925048108144		1.38857058466151		1.11702907085419	0.940956575634464	1.54983995087089	0.607131449351091	2.49960783789365E-4	99.9424609625981
722	0.94325854908737		1.39013316888378		1.11090362071991	0.940290076613689	1.54307697702934	0.609360447087928	2.66186647904995E-4	99.9387270388084
719	0.923177685520148		1.36263508671826		1.10438621044159	0.920209213046468	1.50365560455173	0.611981367449363	2.85045917308542E-4	99.9343872865596
716	0.839007215275422		1.24063459098993		1.09723365306854	0.836038742801742	1.36005412931423	0.614709903658973	3.26242086972152E-4	99.9249081914038
713	0.68889581817016		1.02127857135863		1.08915162086487	0.685927345696479	1.11112424287729	0.617327315188669	3.67891574176485E-4	99.915325703478
710	0.517678642340638		0.771492239959261		1.07961905002594	0.514710169866957	0.831725279463618	0.618846369800008	4.09490184073141E-4	99.9057558383748
707	0.391081165429504		0.588103458343414		1.06877458095551	0.388112692955823	0.627369565227021	0.618634875626108	4.87425612299071E-4	99.8878290637976
704	0.314914275169887		0.479632600164781		1.05739140510559	0.311945802696206	0.505991499723269	0.616504037848091	4.86535503811193E-4	99.8880337891609
701	0.277898629413254		0.429301061974783		1.04672133922577	0.274930156939573	0.448202478314607	0.613406150660753	5.38583009029516E-4	99.8760635439481
698	0.2724102862345		0.424743648052564		1.03894531726837	0.269441813760819	0.440137908596887	0.612175885098767	4.53097282292902E-4	99.8957248995179
695	0.299233391443483		0.468257939413113		1.03592443466187	0.296264918969802	0.483935662141895	0.612198980456483	4.60878121999928E-4	99.8939351791957
692	0.342267385869916		0.53568522552064		1.03646862506866	0.339298913396235	0.554076149085854	0.612368740210221	4.90566807159623E-4	99.887106590882
689	0.372070660744724		0.582189798546487		1.0377025604248	0.369102188271043	0.602993701643594	0.612116158535277	5.13494544355475E-4	99.8818333834785
686	0.383369070275994		0.60045364887634		1.03746140003204	0.380400597802313	0.621801606618066	0.611771654742555	5.5684517015531E-4	99.871863825801
683	0.379400248575544		0.594751613987015		1.03570008277893	0.376431776101863	0.61484036461545	0.612243108562499	5.93461251496851E-4	99.8634438198236
680	0.371210941509878		0.582882253530292		1.0333856344223	0.368242469036197	0.601200772443386	0.612511636569586	6.17219456858979E-4	99.857980910645
677	0.378449839948971		0.595401324067427		1.03072738647461	0.37548136747529	0.61255801178112	0.612972747484784	6.4758001936742E-4	99.8510003050216
674	0.390673705714336		0.615657601147131		1.0278697013855	0.387705233240655	0.631680512082905	0.613767918788937	6.96079429106573E-4	99.8398501652298
671	0.399625345693215		0.630760641400503		1.02485907077789	0.396656873219534	0.645308807507987	0.614677606449102	7.09164148533212E-4	99.8368421676568
668	0.407482482044876		0.644191569538975		1.02161717414856	0.404514009571195	0.656988794238069	0.615709146212034	7.18109179384131E-4	99.8347858798759
665	0.412968148984626		0.653837169323431		1.01794040203094	0.409999676510945	0.664442955355721	0.617057752221099	7.36401435617081E-4	99.830580979511
662	0.418043791054189		0.662908563024976		1.01405811309814	0.415075318580508	0.671107778919497	0.618492784048474	7.57422215424931E-4	99.8257490832683
659	0.426234180578346		0.676878160747477		1.01044762134552	0.423265708104666	0.682833887599628	0.619866289285342	7.56574600976177E-4	99.8259439138116
656	0.440597445291461		0.700728801521315		1.00736176967621	0.437628972817781	0.704774774019816	0.620948690205923	7.90037774403295E-4	99.818252441042
653	0.46555284192026		0.741580446865892		1.00482106208801	0.462584369446579	0.744045826912419	0.621714890017157	8.00588818869307E-4	99.8158274182278
650	0.494660766303463		0.788988185934273		1.00265884399414	0.491692293829782	0.789978545273714	0.622412212042314	8.35593996909556E-4	99.8077823470972
647	0.506784972340222		0.809088241395949		1.00098860263824	0.503816499866541	0.808782515788143	0.622931987316245	8.54166183046908E-4	99.803514254467
644	0.507557684434302		0.811367519951295		0.999615073204041	0.504589211960621	0.809951127537572	0.622987233186134	8.87984688060101E-4	99.7957428588413
641	0.518412743442441		0.829999038431534		0.99827116727829	0.51544427096876	0.827461517965704	0.622922347175695	9.42045330169131E-4	99.7833211348882
638	0.540291207252724		0.866277452593214		0.996643483638763	0.537322734779043	0.86226898495835	0.623149787539902	9.84941468204683E-4	99.7734658226186
635	0.565302164336623		0.907493611486139		0.994565904140472	0.562333691862942	0.901463705705074	0.623800701352825	0.00100593988659225	99.7686418277992
632	0.588168402801162		0.945335176886689		0.992188215255737	0.585199930327481	0.936854549627811	0.624643313692575	0.00107056154072464	99.7537976718285
629	0.609888465733172		0.98144915501387		0.989726662635803	0.606919993259491	0.970273243178762	0.625514511016639	0.00111141879094651	99.7444135457709
626	0.633294106203612		1.02034473957525		0.986993134021759	0.630325633729932	1.00598311791977	0.626576751142061	0.00115366918929528	99.7347103687883
623	0.659718039966436		1.06404432253052		0.984223663806915	0.656749567492755	1.04617052607886	0.627765312749073	0.00119306143084847	99.7256644430548
620	0.676555030255604		1.0922095274961		0.981929302215576	0.673586557781923	1.07138799783582	0.628704595480399	0.00123348613023371	99.7163822795532
617	0.684178992017132		1.10554197434224		0.980959832668304	0.681210519543451	1.08340879956649	0.628765909798804	0.00128101736839164	99.7054694451589
614	0.691541516401776		1.11841612956423		0.981367647647858	0.688573043928095	1.09649348513798	0.627977323405117	0.00131526688038244	99.6976067410147
611	0.699160066786372		1.13169018407662		0.982362389564514	0.696191594312692	1.11064485375941	0.62683547486504	0.00134796911748826	99.6900998254025
608	0.708791398534997		1.1482594546403		0.982585072517395	0.705822926061316	1.12717733383629	0.626186230749589	0.00141031840220916	99.6757888900167
605	0.723981338049496		1.17377274433327		0.981410205364227	0.721012865575815	1.15086858203814	0.626494524943009	0.00145465786958395	99.6656129702839
602	0.745381693798945		1.20921399968482		0.979359269142151	0.742413221325265	1.18317323619888	0.627476348020157	0.00150597982167396	99.6538358655564
599	0.770261603367499		1.25020686878372		0.977581381797791	0.767293130893818	1.22109921922717	0.628362641472684	0.00157807769730513	99.6372935565596
596	0.800222844702858		1.29934156402195		0.976614892482758	0.797254372229177	1.26787765024208	0.628810179023944	0.00164087750108149	99.6228868570389
593	0.830481329689373		1.34892642100156		0.976398348808289	0.827512857215692	1.31601109769878	0.6288038593768	0.00171458635225204	99.6059802055756
590	0.856080745480637		1.3909409819909		0.976394712924957	0.853112273006956	1.35702899239139	0.628661788208065	0.00176996192786072	99.5932805580204
587	0.881228043964138		1.43221385108868		0.976113736629486	0.878259571490457	1.39692549576195	0.628708957030965	0.00183358201253286	99.5786921413207
584	0.901418913024084		1.46532833215753		0.975447654724121	0.898450440550404	1.42827370261492	0.62904640679549	0.00188419897286419	99.5670869351665
581	0.92113316282324		1.49771165722345		0.974489092826843	0.918164690349559	1.45842735050697	0.629558057883645	0.00193987265359575	99.5543239111113
578	0.942670847063351		1.53306538694058		0.973618805408478	0.93970237458967	1.49154592822214	0.630019067337576	0.00200167335017833	99.540158203081
575	0.966438642378536		1.57197902631146		0.972994327545166	0.963470169904855	1.52845200293308	0.630356836888545	0.00206224240484521	99.5262767628778
572	0.991556221623874		1.6130309707275		0.972547769546509	0.988587749150194	1.56767549332604	0.630607388683973	0.00213922360130574	99.5086367209526
569	1.01652561178289		1.65372930003265		0.972193658351898	1.01355713930921	1.60667134977402	0.630842853737181	0.00222453601380558	99.4890912547903
566	1.04170120982683		1.69471718988352		0.972323656082153	1.03873273735314	1.64673968216181	0.630781384942101	0.00230842828777849	99.4698748926893
563	1.06981299804457		1.74042324133663		0.972873628139496	1.06684452557089	1.69213733392207	0.630471596001099	0.00239064326929214	99.451046332238
560	1.10041934313712		1.79000389543539		0.9736088514328	1.09745087066344	1.74168828526522	0.630107511170589	0.002476022759823	99.4314968204865
557	1.13133433935148		1.83993397275053		0.974480867385864	1.1283658668778	1.79190413912676	0.629702137653235	0.00255919721633489	99.4124558951047
554	1.1657704012256		1.89546465062922		0.975422322750092	1.16280192875192	1.84780117779767	0.629289526775724	0.00266111550761544	99.3891289607507
551	1.19802665964163		1.94728188186748		0.976292371749878	1.19505818716795	1.90003813153467	0.628965370396382	0.00277411303183699	99.3632726234942
548	1.23000387264862		1.99845646418253		0.976854741573334	1.22703540017494	1.95112273634755	0.628886833881051	0.00287275369466107	99.3407069532132
545	1.26596765607426		2.05433892977955		0.976897537708282	1.26299918360057	2.00579965833452	0.629673645796352	0.00298464694135756	99.3151157405918
542	1.3003782766643		2.10894591076252		0.976688385009766	1.29740980419062	2.05870422287946	0.630206996115235	0.00312460955680545	99.2831140360105
539	1.33340466264073		2.16099182241979		0.976733922958374	1.33043619016705	2.10963521712023	0.630647506910303	0.00322997922869998	99.2590286271477
536	1.37144902222992		2.22099905362533		0.977351248264313	1.36848054975624	2.16961671254566	0.630747607097186	0.0033597700822161	99.2293690534831
533	1.41389233504861		2.28780294618066		0.978485703468323	1.41092386257493	2.23750173727527	0.63058000763525	0.00351324043886503	99.1943097173637
530	1.45944406887538		2.35944277865807		0.97979062795639	1.4564755964017	2.31067774252365	0.630323982266339	0.00364026218506145	99.1653017687297
527	1.51135683233982		2.44088526734631		0.980956435203552	1.50838835986614	2.39331864375735	0.630249701100424	0.00379930167010642	99.1289938905149
524	1.56944982954422		2.53185108851603		0.981513798236847	1.56648135707054	2.48396269601218	0.63063803638654	0.00396423185852418	99.0913552369064
521	1.62772965353009		2.62280946461743		0.98179018497467	1.62476118105641	2.57396420170349	0.631229128975889	0.00412953100119312	99.0536467235386
518	1.6953303875129		2.72815259896212		0.982168912887573	1.69236191503922	2.67842186629231	0.63185039531578	0.00429533907281744	99.0158365278821
515	1.76608715419795		2.83780923182474		0.983009278774261	1.76311868172427	2.78850707206873	0.632280512889733	0.00447743316562382	98.9743291629717
512	1.83426001952613		2.94276735640534		0.984047532081604	1.83129154705245	2.89473607360348	0.632628156933417	0.00464497004544791	98.9361554052572
509	1.90383231905282		3.04925248049157		0.985204875469208	1.90086384657914	3.00305025107306	0.632977701888244	0.00481402702137643	98.8976502136353
506	1.98197769837924		3.16906847366515		0.986456871032715	1.97900922590556	3.12505982854665	0.633270828234325	0.00499252644908089	98.8570106306328
503	2.06423967986206		3.2977310756901		0.987697958946228	2.06127120738838	3.25607133975699	0.633054682254663	0.00516689622776743	98.8173273839593
500	2.15075827265599		3.42852402194483		0.988681137561798	2.14778980018231	3.38862503139745	0.633823388625734	0.00535751005759618	98.773965524614
497	2.31232436942252		3.67808125727577		0.988923311233521	2.30935589694884	3.63624802967326	0.635093062437864	0.00556366605099092	98.7270894680204
494	2.56128286208007		4.06349899743493		0.988562703132629	2.55831438960639	4.01593168511498	0.637041312004576	0.00573913726618284	98.6872080883797
491	2.6579354532466		4.2041135427715		0.98904812335968	2.65496698077292	4.15697820575628	0.638677147043138	0.00591737914761526	98.6467134811226
488	2.69275485740434		4.24787873058491		0.991359889507294	2.68978638493066	4.21008163153335	0.638891741381988	0.00610383188349117	98.6043712394314
485	2.94079337936245		4.62632607770552		0.992995142936707	2.93782490688877	4.59282256120515	0.639655651342623	0.00629361427217463	98.5612915188635
482	3.19142284369302		5.00317237991065		0.994394838809967	3.18845437121934	4.97403048269713	0.641020271651094	0.00645441900343238	98.5248043222321
479	3.24648205001598		5.07339328295038		0.99604320526123	3.2435135775423	5.05221877691657	0.641997847037386	0.00663048642675921	98.4848694547601
476	3.58100389682383		5.58886980676954		0.998053312301636	3.57803542435015	5.57688767232067	0.641582838777394	0.0068474677264448	98.4356769402529
473	4.22412611105091		6.57451855283108		1.00068914890289	4.22115763857723	6.57794411344779	0.641713819055957	0.00702599753617016	98.3952203104733
470	4.838724587599		7.49466019222078		1.00380909442902	4.83575611512532	7.52209935299402	0.642873204433354	0.00717105579562834	98.3623609106984
467	5.13086648828713		7.9166884546946		1.00672602653503	5.12789801581345	7.96882438194529	0.643494920961186	0.00735456529426836	98.3208070451654
464	4.94080921853875		7.60944706187931		1.00893819332123	4.93784074606507	7.6763473980816	0.643253944877363	0.00750168555364673	98.2875058326066
461	4.59211007442427		7.07158847027848		1.01032972335815	4.58914160195059	7.14352011322917	0.642420197495057	0.00767090063054881	98.2492173236708
458	4.23734252457232		6.53308815504741		1.01095962524414	4.23437405209864	6.60357174753673	0.641224811963033	0.00783345418144512	98.212450173011
455	3.85688730880739		5.96550357967865		1.01064646244049	3.85391883633371	6.02789882998984	0.639346967331269	0.00800349540118427	98.1740041494047
452	3.59771031765551		5.59068454309041		1.00919055938721	3.59474184518183	5.64095140995596	0.637258076507682	0.00819363190263774	98.1310324403064
449	3.30126464745333		5.1512835780493		1.00661778450012	3.29829617497965	5.18426185285604	0.636213267885494	0.00836103796432546	98.0932134842985
446	2.8599590242167		4.4788487711659		1.00299048423767	2.85699055174302	4.49113489436201	0.636140000009702	0.00856267734413685	98.0476801778772
443	2.61055505548671		4.09864253733357		0.999023199081421	2.60758658301302	4.0935355579495	0.637001082829044	0.00876245029500308	98.0025891834369
440	2.55802922561846		4.01826573101412		0.996054291725159	2.55506075314478	4.00131068423962	0.638555951980601	0.00897439796158853	97.9547728899448
437	2.54979385944043		4.00097342395431		0.99519157409668	2.54682538696675	3.98063585014697	0.639803660229991	0.00918589706417019	97.9070810503685
434	2.56021408278747		4.00763133164255		0.996780753135681	2.55724561031379	3.99362883223872	0.640331317139521	0.00940823884810658	97.8569692839922
431	2.64559703288575		4.12684761290446		1.00035095214844	2.64262856041207	4.12719105084793	0.640297124086161	0.00964698768949778	97.8031882245019
428	2.77225461294605		4.31076551256019		1.00449895858765	2.76928614047237	4.32904999851465	0.639698349851018	0.00991779245030401	97.7422219579225
425	2.84075196130517		4.41483129095295		1.00724053382874	2.83778348883148	4.44568452862452	0.638323180729489	0.0101835853026019	97.6824209774838
422	3.04049358892501		4.73739757628514		1.00762593746185	3.03752511645133	4.77241175061659	0.636475910960297	0.0104827673348283	97.6151515039493
419	2.87278711986857		4.50570627105859		1.00603270530701	2.86981864739488	4.53177670560025	0.633265677862822	0.0108324021533252	97.5365966923896
416	2.64012965986072		4.17535979776921		1.00299537181854	2.63716118738704	4.18675874398441	0.629881335096308	0.0112186637591745	97.4498861881465
413	2.43534978152859		3.88730979159598		0.998497366905212	2.43238130905491	3.88036575044664	0.626843309493424	0.0116207679044277	97.3597011405946
410	2.28045604313384		3.6719619921635		0.993889927864075	2.27748757066016	3.64842828762278	0.624237998150188	0.0121425186253398	97.2428058191982
407	2.15301192621144		3.49109657540574		0.989984571933746	2.15004345373776	3.45503831036163	0.622292218089102	0.0127405031576519	97.1090033393315
404	2.07633536523853		3.38377457876426		0.98790580034256	2.07336689276485	3.34175939099632	0.620441704555722	0.0133914540336052	96.9635586171249
401	2.077222832276		3.39452395372131		0.988417327404022	2.07425435980232	3.35411458674768	0.618420839883596	0.014163756531135	96.7912822996142
398	2.12726060551356		3.47873271070904		0.99182003736496	2.12429213303988	3.44918134142494	0.615882994473778	0.0150959041512736	96.5837571972096
395	2.14333940793954		3.50135956608738		0.998149752616882	2.14037093546586	3.49377872784622	0.612623495130534	0.0161227372427561	96.3556671551545
392	2.1197935364516		3.45522375572486		1.00708770751953	2.11682506397792	3.47860104227797	0.608527692095358	0.0174631940379409	96.0587223608901
389	2.11192821177599		3.43277076997473		1.01841080188751	2.10895973930231	3.49484599734097	0.603448547062417	0.0189781001721179	95.7242340188004
386	2.13099283572325		3.45301705895633		1.03232741355896	2.12802436324957	3.56350396333828	0.597171880582406	0.0207664141076386	95.3308764607482
383	2.16639233753493		3.50149307194622		1.04808735847473	2.16342386506125	3.66871301151811	0.589695584873788	0.0226986809763034	94.9076716394021
380	2.18678469951399		3.52909219292969		1.06401991844177	2.18381622704031	3.75384917679906	0.58175385429376	0.0246891179198393	94.4736907623482
377	2.1788348313817		3.51474514708858		1.07910001277924	2.17586635890802	3.79156966667234	0.573869544857303	0.0268601499954914	94.0025965736933
374	2.1660817638057		3.49617054755343		1.09262192249298	2.16311329133202	3.81878578360889	0.566440071243746	0.0292157158836495	93.4941169611287
371	2.16082931387552		3.49262876778243		1.10292184352875	2.15786084140184	3.85087838163427	0.560355489722339	0.0316922789871898	92.9624842707241
368	2.16301361806601		3.5034158697901		1.10681164264679	2.16004514559233	3.87639899974242	0.55722982740834	0.0341084427319266	92.4467306906932
365	2.17394625718248		3.53048428276788		1.10139167308807	2.1709777847088	3.88722950339297	0.558489737437386	0.0364625802987426	91.9469694781467
362	2.19669749244313		3.5775925442984		1.08866059780121	2.19372901996945	3.89358161182772	0.563421866721749	0.0387049319490708	91.4734518674728
359	2.23001962365764		3.64262922616743		1.07323324680328	2.22705115118396	3.90820540467925	0.569839842224653	0.0409063226580521	91.0109562140741
356	2.26264791088078		3.70541693831888		1.05542421340942	2.2596794384071	3.90962104094389	0.577979148040791	0.0428618850431668	90.6020689091531
353	2.29156585998398		3.76211275352203		1.03646063804626	2.2885973875103	3.89813701365998	0.587100294189384	0.0447956108777024	90.1995537890057
350	2.31260059500735		3.804945224054		1.01822805404663	2.30963212253367	3.8731773378826	0.596314581298338	0.0465818519866047	89.8293274236198
347	2.32595236131142		3.83430799737417		1.00210988521576	2.32298388883774	3.84129111629555	0.604740390277416	0.0482381728931842	89.4873870175094
344	2.32965901657005		3.84735104663846		0.988115131855011	2.32669054409637	3.80053441311833	0.612200888397514	0.0497927235868947	89.1676408400582
341	2.32310751391068		3.84411807790138		0.97557407617569	2.320139041437	3.7491444205374	0.618844936654756	0.0513195107844768	88.854717249495
338	2.30381157770849		3.82157952818675		0.964221119880676	2.30084310523481	3.68378270970531	0.624587085218951	0.0527870740356032	88.5549670843201
335	2.26781634103591		3.77483444292432		0.954874098300934	2.26484786856223	3.60343697603636	0.628524345957473	0.0542419110592908	88.2588143519017
332	2.21105574555959		3.69776264879869		0.946872651576996	2.20808727308591	3.50026450288572	0.630834404447292	0.055682986195506	87.9664394666321
329	2.13117734255845		3.58703110871381		0.938952207565308	2.12820887008477	3.36701370498169	0.632076093701658	0.0572387389472926	87.6518851595749
326	2.04809013830061		3.4724767952067		0.931833863258362	2.04512166582693	3.2347422562165	0.632236358830949	0.0588528079846486	87.3267287856752
323	1.96651380683946		3.36106233764408		0.925504565238953	1.96354533436578	3.10965631731894	0.631434838451439	0.0607208977189615	86.9519052055298
320	1.88931148537061		3.25510357586044		0.919252157211304	1.88634301289692	2.99124566962015	0.630621226486042	0.0628989214120975	86.5169256611037
317	1.8195284204639		3.16013559284147		0.913403213024139	1.81655994799022	2.88546914981914	0.629554451519288	0.0654387524286288	86.0124359734546
314	1.76253758328928		3.0882610740857		0.908680856227875	1.7595691108156	2.80524007862649	0.627243680219029	0.0684171397912403	85.4245815721305
311	1.69652233208822		3.00524144062837		0.905046582221985	1.69355385961454	2.71888387022099	0.622885691501376	0.0720596944536592	84.7110969414523
308	1.61868384973323		2.90353998595662		0.902658760547638	1.61571537725955	2.61990881790267	0.616706721325128	0.0760350900140628	83.939216278694
305	1.53223024168024		2.78992223494577		0.902248084545136	1.52926176920656	2.5162054590801	0.607765062939512	0.0804791402185101	83.0846624488297
302	1.4345376248831		2.65985459630534		0.904157757759094	1.43156915240942	2.4039295250961	0.595512113589184	0.0855659144705427	82.1171911095497
299	1.32670154499173		2.51189239230672		0.908673107624054	1.32373307251805	2.28148543626399	0.580206672143264	0.0912573740514012	81.0480603905226
296	1.20864294438925		2.34631266030233		0.919314444065094	1.20567447191557	2.15598373567709	0.55922243380789	0.0981410803705465	79.7735501146952
293	1.08910784965205		2.17875605696795		0.935736358165741	1.08613937717837	2.03770773683533	0.53302019595077	0.106666851903377	78.2227622747633
290	0.961070367253502		1.9942805584375		0.954356729984283	0.958101894779821	1.90220098496888	0.503680684822847	0.11700670199896	76.3823996213723
287	0.823828609989393		1.79282775650809		0.971447765827179	0.820860137515713	1.74056555406293	0.471605413309262	0.130613800714438	74.0263266535959
284	0.698437187150589		1.60472966766008		0.985033094882965	0.695468714676908	1.57962386147365	0.440274885457921	0.145979047225632	71.4530798172376
281	0.582314202842865		1.42185968242888		0.994289815425873	0.579345730369184	1.41264240763948	0.410114921678778	0.161317012151726	68.9736148895369
278	0.486685090981328		1.25994526290984		0.996792435646057	0.483716618507647	1.25480294968719	0.385492095494542	0.174456432958187	66.9180946784105
275	0.419930286255391		1.14034861726956		0.98714405298233	0.41696181378171	1.12459805479799	0.370765192063761	0.183786553039284	65.4957993593978
272	0.374498212309731		1.05731100102422		0.966205596923828	0.37152973983605	1.02051263234692	0.364061872494048	0.190079374365363	64.5536236027937
269	0.344791585536343		1.00118650356782		0.940902948379517	0.341823113062662	0.940980105340028	0.363262848090867	0.192485265030125	64.1970002231871
266	0.324506628036832		0.957554251544896		0.90767240524292	0.321538155563151	0.868143046056002	0.370374625499689	0.19036747699054	64.5108141687291
263	0.306750398554559		0.912532272354678		0.867875158786774	0.303781926080878	0.79100552225078	0.384045265849064	0.184122187315776	65.4452020252078
260	0.286581150130513		0.856526676264988		0.826263844966888	0.283612677656832	0.706804416045822	0.401260477747844	0.175641815874599	66.7356944562129
257	0.262839075945597		0.790266500138149		0.783925712108612	0.259870603471916	0.618644382562243	0.420064597363041	0.166954035547542	68.0841413136219
254	0.235146602148779		0.71467786518628		0.74089515209198	0.232178129675099	0.528683046583405	0.439163183263661	0.159064201930073	69.3323304173985
251	0.206619182829176		0.639269333230518		0.698560178279877	0.203650710355495	0.445796539348105	0.456824341107035	0.153491203250641	70.2277568409208
248	0.175588551849652		0.559872057546797		0.660330295562744	0.172620079375971	0.368971146118202	0.467841675946855	0.151223767001298	70.5953723135767
245	0.146782299218174		0.48798008395711		0.629273355007172	0.143813826744494	0.306377831894684	0.469400236482935	0.154212682365895	70.1111866360159
242	0.118957223683911		0.418563832861193		0.604725062847137	0.11598875121023	0.252448121018959	0.45945579132086	0.163922465495953	68.5610617448873
239	0.0951896245204589		0.356680456491035		0.585129261016846	0.092221152046778	0.208057896384435	0.443247546232892	0.179352723276319	66.1678886125217
236	0.0719162359415798		0.291139023647457		0.573699116706848	0.0689477634678989	0.166392549763838	0.414368092596434	0.20316259137597	62.6379316581662
233	0.053322457863411		0.232677095170122		0.570354223251343	0.0503539853897302	0.132078407378911	0.381243129660649	0.23056407622191	58.8079341955192
230	0.0369227585652325		0.174429881047397		0.571752786636353	0.0339542860915516	0.0990992693423643	0.342629025590972	0.264108416598948	54.4366741012216
