Wavelength	I1	I1 dark	R1	R1dark	XCorrect	I1c	R1c	I1c/R1c	Abs	Percent T
nm	uA	uA	uA	uA		uA	uA	uA/uA	OD	T*100
	Abs Detector Raw	Dark Offset for Abs Detector	Ref Detector Raw	Dark Offset for Ref Detector	Linear interp	Dark subtracted Abs Detector	Corrected Ref Detector	Corrected Intensity 	-Log(T)	% Transmittance
800	0.148393659570928	0.00297891822101462	0.212423766088452	0.00113123186994576	1.34088253974915	0.145414741349913	0.283318469912944	0.51325542381545	8.21510023168387E-4	99.8110191208475
797	0.144628298257848		0.207362900630159		1.3260293006897	0.141649380036834	0.273469235506175	0.517971901938619	8.5816920974208E-4	99.8025943388171
794	0.155624877307841		0.224160344258108		1.31175875663757	0.152645959086827	0.292560391160277	0.521758801597994	8.84752515803775E-4	99.7964855766171
791	0.169524649743756		0.244309301849716		1.29830348491669	0.166545731522741	0.31571893571005	0.527512647121341	8.9640250001622E-4	99.7938085638154
788	0.155180095128832		0.223761272757017		1.28535497188568	0.152201176907818	0.28615862994531	0.53187694160021	9.07028000092739E-4	99.7913670265789
785	0.151134817473182		0.218486150097431		1.27193987369537	0.148155899252168	0.276462387237336	0.535898936317075	8.97745638068871E-4	99.793499933013
782	0.157186101933866		0.227692632146826		1.25860202312469	0.154207183712851	0.285150636750445	0.540792001975464	8.55427318945876E-4	99.8032244381853
779	0.166368581946308		0.241594890544644		1.24614322185516	0.163389663725293	0.299652158359969	0.545264431331127	8.06500620067218E-4	99.81446869198
776	0.184297283199131		0.268434650416646		1.23451888561249	0.181318364978117	0.329991118384681	0.549464379119284	8.10604597685977E-4	99.8135254738938
773	0.211583839639172		0.309036282029312		1.22383856773376	0.208604921418157	0.376826075585032	0.553584093389219	7.78909861302385E-4	99.82081011358
770	0.276788948631555		0.40629957357182		1.21381187438965	0.27381003041054	0.491798144284497	0.556752874309639	7.59057169278718E-4	99.8253732779271
767	0.418503718267927		0.615427593366068		1.20520555973053	0.415524800046913	0.740353390197362	0.561251971759247	7.41279017645617E-4	99.8294597837933
764	0.441209876471876		0.646332062694484		1.19851565361023	0.438230958250861	0.773283295465535	0.566714632037972	7.45111611696797E-4	99.8285788052835
761	0.348953325784606		0.511421356293863		1.19181299209595	0.345974407563592	0.608170400026683	0.568877419138473	7.34804011656629E-4	99.8309481774883
758	0.333898455391882		0.490332774377397		1.18398952484131	0.330919537170867	0.579209501865032	0.571329607172049	7.04569675906029E-4	99.8378983635883
755	0.36227458854876		0.532617873085387		1.17633533477783	0.359295670327745	0.625206516024112	0.574683182466846	7.08783997237107E-4	99.8369295579488
752	0.399203355338456		0.587189217166647		1.16980671882629	0.396224437117441	0.685574568821883	0.577945062633126	6.89116531848857E-4	99.8414508767761
749	0.434132027073888		0.638782114909711		1.16390073299408	0.431153108852873	0.742162330164305	0.580941785010055	7.13896507459851E-4	99.8357542855473
746	0.494356282204337		0.72789988173501		1.15848278999329	0.491377363983323	0.841948973175334	0.583618936109795	7.26942395547942E-4	99.8327553376679
743	0.583901188920508		0.859336383895363		1.15345752239227	0.580922270699494	0.989903188359522	0.586847559974228	7.41495400484076E-4	99.8294100447858
740	0.65890873943256		0.969004806308712		1.14841175079346	0.655929821211546	1.11151738616794	0.590121062768907	7.5016375263013E-4	99.8274175077382
737	0.782439957200673		1.1511261385888		1.14263534545898	0.779461038979658	1.31402482751477	0.593185929716304	7.91144510258654E-4	99.8179980691749
734	0.9358828881061		1.37492281066819		1.13635516166687	0.932903969885085	1.56111515162186	0.597588184904797	8.188471246955E-4	99.8116311190108
731	0.987155811485208		1.44851864838681		1.12990951538086	0.984176893264193	1.63541681436492	0.601789638347564	8.44813238057676E-4	99.8056636412748
728	0.96277128704651		1.41382163131354		1.12338900566101	0.959792368825496	1.58700086313779	0.60478377240943	8.53372353077415E-4	99.8036966815906
725	0.945018422737565		1.39028977532847		1.11702907085419	0.94203950451655	1.55173047706863	0.607089645036912	8.48585646845877E-4	99.8047967038784
722	0.943783772473943		1.39129857720432		1.11090362071991	0.940804854252929	1.54434193733854	0.609194655345744	8.32460151006125E-4	99.8085025573494
719	0.922602081274401		1.36222520940057		1.10438621044159	0.919623163053387	1.50317341989991	0.611787802311339	8.40162506653477E-4	99.8067324363871
716	0.839567318422598		1.24179695914935		1.09723365306854	0.836588400201584	1.36130018817972	0.614551006064457	8.83968542812072E-4	99.7966657258551
713	0.690218743579913		1.02334253497342		1.08915162086487	0.687239825358898	1.11334309764154	0.617275866545287	9.43423043707362E-4	99.7830045924957
710	0.519758273679984		0.774549924273215		1.07961905002594	0.51677935545897	0.834997553964723	0.618899244680665	0.00100022719374973	99.7699541892921
707	0.392779779466906		0.590548521657619		1.06877458095551	0.389800861245892	0.62995421690075	0.618776493256344	0.0010336697173557	99.7622717739591
704	0.315740714985921		0.480795789247048		1.05739140510559	0.312761796764906	0.507193180304325	0.616652212431649	0.00106496997570923	99.7550820156532
701	0.277745542103074		0.428947955439329		1.04672133922577	0.27476662388206	0.447804893837725	0.613585576359576	0.00105393064800668	99.7576177214529
698	0.272276483134449		0.424507716351847		1.03894531726837	0.269297564913434	0.439865015994016	0.612227740605536	0.00110075467360973	99.7468628036676
695	0.299026057612524		0.467904965629123		1.03592443466187	0.296047139391509	0.483542316259484	0.612246600631828	0.00110909394633605	99.7449474942612
692	0.342143212286428		0.535435269009188		1.03646862506866	0.339164294065413	0.553789370742347	0.612442766120209	0.00112750721704888	99.7407185853925
689	0.371611375315651		0.581371620906934		1.0377025604248	0.368632457094637	0.602116937365567	0.612227350234505	0.00114654764946808	99.7363458271354
686	0.382861040950632		0.599516095169149		1.03746140003204	0.379882122729617	0.620801198036374	0.611922341534139	0.00115586980898971	99.7342050029111
683	0.379523985757667		0.594787239444637		1.03570008277893	0.376545067536652	0.614849576187317	0.612418194823535	0.00118844384706677	99.7267247698101
680	0.371600126231224		0.583323152118619		1.0333856344223	0.368621208010209	0.601628766861713	0.61270542286908	0.00120929268487701	99.7219373813201
677	0.378455854048068		0.595208850771077		1.03072738647461	0.375476935827053	0.612332071493022	0.613191686843292	0.00123667085329479	99.7156510524457
674	0.390669748347408		0.61541239576481		1.0278697013855	0.387690830126393	0.631400996499351	0.614016817008289	0.00127083885089479	99.7078062599244
671	0.39982633614041		0.630832871624824		1.02485907077789	0.396847417919395	0.6453554373865	0.614928448618192	0.00128101704660427	99.705469519035
668	0.407887531634322		0.644582735461484		1.02161717414856	0.404908613413307	0.657361106800829	0.61596070899885	0.00129678120330948	99.7018504444546
665	0.413182008084114		0.653913357830206		1.01794040203094	0.410203089863099	0.664493299738603	0.617317119712816	0.00130981082993394	99.6988592519526
662	0.418068611915906		0.662706608069728		1.01405811309814	0.415089693694892	0.670875877661347	0.618728005457406	0.00134587484218669	99.6905805568554
659	0.426580096562072		0.677195165751093		1.01044762134552	0.423601178341057	0.6831271938677	0.62009122480212	0.00136472439195868	99.6862538111577
656	0.441593654393926		0.702089649294198		1.00736176967621	0.438614736172912	0.706118711845929	0.621162884957813	0.00139577053543457	99.6791278557304
653	0.466141268584169		0.74228528817167		1.00482106208801	0.463162350363154	0.744727206023937	0.621922157021704	0.00143347322388261	99.6704747225837
650	0.494927176367095		0.789183685811421		1.00265884399414	0.491948258146081	0.790147762475706	0.622602861779548	0.00144969004962405	99.666753034627
647	0.506837932850264		0.808960460634741		1.00098860263824	0.503859014629249	0.808627850871603	0.623103710917389	0.00151123877368867	99.6526291461766
644	0.507640844529184		0.811291517143981		0.999615073204041	0.50466192630817	0.809848432871211	0.623156020094967	0.00153905116357123	99.6462475568506
641	0.519197503418553		0.831043235204706		0.99827116727829	0.516218585197539	0.828477224307255	0.623093272876854	0.00157238250285171	99.6386001756994
638	0.540682406286805		0.866660313919809		0.996643483638763	0.537703488065791	0.862623919524837	0.623334776482869	0.00159877820022857	99.6325444910797
635	0.565224907714617		0.907175729407331		0.994565904140472	0.562245989493603	0.90112096488477	0.623940637720597	0.00164069609949806	99.6229284687884
632	0.588992571041277		0.946400274538684		0.992188215255737	0.586013652820263	0.937884804381994	0.62482476534675	0.0016661078423345	99.6170994327756
629	0.610372170565224		0.981960201154406		0.989726662635803	0.607393252344209	0.970752582386423	0.62569316153766	0.00170617366059439	99.6079096855706
626	0.634026905120362		1.02124326618298		0.986993134021759	0.631047986899347	1.00684357379994	0.626758717362323	0.00175427500696878	99.5968779791129
623	0.658496343804325		1.06179735598676		0.984223663806915	0.655517425583311	1.04393269875413	0.627930733816107	0.00179891369776973	99.5866415014446
620	0.676002518661132		1.0910780937848		0.981929302215576	0.673023600440117	1.07025076157211	0.628846644735391	0.00185712672198035	99.5732937586125
617	0.684253755200427		1.10541917527046		0.980959832668304	0.681274836979413	1.0832621161758	0.628910424177385	0.00189956264326854	99.563564696425
614	0.690339853198569		1.11627245281499		0.981367647647858	0.687360934977555	1.09436351679399	0.628091968006409	0.00193812658269731	99.5547241677677
611	0.69667184597112		1.12750350989902		0.982362389564514	0.693692927750105	1.10650576258386	0.626922110310772	0.00199974472246579	99.5406002449256
608	0.706225224839196		1.14392397797305		0.982585072517395	0.703246306618181	1.12289109330207	0.626281845864636	0.00203285683872677	99.5330112139356
605	0.722188131879904		1.17069740926255		0.981410205364227	0.719209213658889	1.14782418234193	0.626584824333871	0.00206970256963001	99.5245671485976
602	0.742514654625831		1.20440711066594		0.979359269142151	0.739535736404817	1.17843938523403	0.627555176508253	0.00213343144534923	99.5099638697202
599	0.767927038557492		1.24620491262295		0.977581381797791	0.764948120336477	1.21716084927058	0.628469212425698	0.00218031105424646	99.4992229171831
596	0.797998253647294		1.29551416474526		0.976614892482758	0.795019335426279	1.26411364882154	0.628914446234665	0.00225208973188693	99.482779391462
593	0.828140015001463		1.34492371593943		0.976398348808289	0.825161096780448	1.31207676258643	0.628896967242869	0.00231147770823559	99.4691764624326
590	0.856560340205283		1.39155405632927		0.976394712924957	0.853581421984269	1.35760149453227	0.628742252731792	0.00236497408332887	99.4569246082775
587	0.881339052874827		1.43223053748998		0.976113736629486	0.878360134653813	1.39691569069663	0.628785359419779	0.00242443286762462	99.4433090011712
584	0.902769021661268		1.46742707177317		0.975447654724121	0.899790103440253	1.43029483816533	0.629094141592813	0.00247781527007749	99.4310864270385
581	0.921742204568853		1.49865417491988		0.974489092826843	0.918763286347838	1.45931977426011	0.629583250054745	0.00254369087087545	99.4160054483882
578	0.942921299332858		1.53343995542053		0.973618805408478	0.939942381111844	1.49188458894031	0.630036926502129	0.00260287554571619	99.4024581819659
575	0.96730078654013		1.57336690411353		0.972994327545166	0.964321868319116	1.52977639065717	0.630367859125385	0.0026553043363311	99.3904588673933
572	0.992740827332032		1.61498170802439		0.972547769546509	0.989761909111017	1.56954668096558	0.630603677554924	0.00272373322151454	99.3747998093082
569	1.0177574599225		1.65579850107419		0.972193658351898	1.01477854170149	1.60865702580282	0.630823429372741	0.00280284310596261	99.3566996185764
566	1.04283920359669		1.69670700615975		0.972323656082153	1.03986028537568	1.64864843602179	0.630735008541224	0.00290526197522468	99.3332712734026
563	1.0704775799511		1.74164643041865		0.972873628139496	1.06749866173008	1.69330133604402	0.63042450803472	0.002988502019108	99.3142341595226
560	1.10163628099847		1.79218464127628		0.9736088514328	1.09865736277745	1.74378545278691	0.630041591998367	0.00308609104568674	99.2919200593108
557	1.13223901280978		1.84166844967231		0.974480867385864	1.12926009458877	1.79356830446001	0.629616442139767	0.00316954282219356	99.272842471609
554	1.16615052634615		1.89639805211475		0.975422322750092	1.16317160812514	1.84868556403437	0.629188451921894	0.00327012442096067	99.2498537727853
551	1.19871286630393		1.94875285109989		0.976292371749878	1.19573394808292	1.90144812990934	0.628854360670848	0.00337994518050019	99.2247594720654
548	1.22985833370878		1.99858230097402		0.976854741573334	1.22687941548776	1.95121954791504	0.628775688926822	0.00348604315138189	99.2005218631458
545	1.26528752363068		2.05369737643738		0.976897537708282	1.26230860540967	2.00514681261131	0.629534255282663	0.00361277611477011	99.1715780416795
542	1.30021073271965		2.10911535534192		0.976688385009766	1.29723181449864	2.05884360918007	0.630077879016395	0.00373280443599568	99.1441732420107
539	1.33357639359707		2.16178476431115		0.976733922958374	1.33059747537606	2.11038360089517	0.630500291421737	0.00385000502115883	99.1174213769376
536	1.37103773011731		2.22096343594969		0.977351248264313	1.36805881189629	2.16955577559466	0.630570934052765	0.0039910400367685	99.0852387034551
533	1.41511785384254		2.29043160095531		0.978485703468323	1.41213893562152	2.24004768209478	0.630405748461997	0.00412623804441232	99.0543977821586
530	1.46102291835638		2.36270201326419		0.97979062795639	1.45804400013536	2.31384491886573	0.6301390331942	0.00426758623020984	99.0221641669505
527	1.51428791387108		2.44638282958021		0.980956435203552	1.51130899565006	2.39868529046565	0.630057224120752	0.00442168017638872	98.9870359072437
524	1.57199317487097		2.53676666466827		0.981513798236847	1.56901425664995	2.48876116458981	0.630439866618761	0.00458243462034105	98.9504025584211
521	1.63134992756348		2.62955710619203		0.98179018497467	1.62837100934246	2.58056272534289	0.631013923184564	0.0047558707557532	98.9108944600266
518	1.69583610833608		2.72992376838864		0.982168912887573	1.69285719011506	2.68013519908829	0.631631266471531	0.00492648461203837	98.8720446577352
515	1.76655925075368		2.83959559656369		0.983009278774261	1.76358033253266	2.79023680796404	0.632053998964876	0.00510002914431874	98.83254317752
512	1.83203603271861		2.94032518112213		0.984047532081604	1.82905711449759	2.8923065520708	0.632387017616804	0.0052796340788432	98.7916788718072
509	1.90242207003502		3.04815957278109		0.985204875469208	1.899443151814	3.00194717715851	0.632737033571628	0.00545818319057004	98.7510715378591
506	1.98266433594973		3.17146248976887		0.986456871032715	1.97968541772872	3.12739505280418	0.633014180908687	0.00565741431142519	98.705780208078
503	2.06583508512912		3.30174719383812		0.987697958946228	2.0628561669081	3.26001164890131	0.632775704222815	0.00583522282591706	98.6653764346728
500	2.15329225580017		3.43404319672746		0.988681137561798	2.15031333757915	3.39405530656483	0.633552827916499	0.00602173250268707	98.6230132516729
497	2.31380897146737		3.68199596917419		0.988923311233521	2.31083005324635	3.64009294421761	0.634827211463698	0.00621927044293301	98.5781649799201
494	2.5645067732		4.07031201742724		0.988562703132629	2.56152785497899	4.02264035690588	0.636777744891233	0.00640743853815333	98.5354629690974
491	2.66311445224934		4.2141715065985		0.98904812335968	2.66013553402833	4.16689957735903	0.638396842698646	0.00658974401272947	98.4941090369162
488	2.69759099996315		4.25732580574247		0.991359889507294	2.69461208174213	4.21942058247581	0.638621353115035	0.00677173932166115	98.4528427736928
485	2.94668556683891		4.6375356382076		0.992995142936707	2.94370664861789	4.60392705618364	0.63939037536751	0.00697659927495253	98.4064127834084
482	3.19590774357744		5.01243027538147		0.994394838809967	3.19292882535642	4.98320990460119	0.640737373396266	0.00714747906215236	98.3677008959228
479	3.24663173019116		5.07595204026437		0.99604320526123	3.24365281197015	5.05474078411957	0.641705074602579	0.00733766143593713	98.3246340183544
476	3.58270558138734		5.5935930635866		0.998053312301636	3.57972666316633	5.58157505506528	0.641347044131875	0.00753701562785739	98.2795104198658
473	4.23053010028314		6.587131096726		1.00068914890289	4.22755118206212	6.59053859943737	0.641457616593433	0.00772154852002598	98.237760062391
470	4.84347664568549		7.50572040702034		1.00380909442902	4.84049772746447	7.53317486396951	0.642557462805773	0.00790274478057984	98.1967818720053
467	5.13583980369695		7.92828165044906		1.00672602653503	5.13286088547593	7.98046864264168	0.643177877806542	0.0080658572867398	98.1599080079042
464	4.94200822244021		7.61543247933586		1.00893819332123	4.9390293042192	7.68235934402183	0.642905269468108	0.00824154537247425	98.1202067468985
461	4.59425306757977		7.07913544290458		1.01032972335815	4.59127414935876	7.15111803646247	0.642035850331171	0.0084213704113193	98.0795872634082
458	4.24265376966829		6.54573677560234		1.01095962524414	4.23967485144727	6.61633196786243	0.640789318317262	0.00859143433415417	98.0411881248334
455	3.86176298261603		5.9775053008221		1.01064646244049	3.85878406439502	6.04000131100758	0.638871395170493	0.00876652492726954	98.0016697090815
452	3.60641315209339		5.60856350297991		1.00919055938721	3.60343423387238	5.65896771040734	0.636765293296398	0.00894794753334677	97.9607389445478
449	3.30554510886201		5.16227128308352		1.00661778450012	3.30256619064099	5.19529536384745	0.635684010118575	0.00912756338790867	97.9202326417183
446	2.86795840650895		4.49520647862007		1.00299048423767	2.86497948828794	4.50751470793844	0.635600696597231	0.00932484935816066	97.8757607413472
443	2.61598827690054		4.11068772039091		0.999023199081421	2.61300935867953	4.10554226996802	0.636459007569755	0.00954160199403516	97.8269239800618
440	2.56191872999745		4.02779938820258		0.996054291725159	2.55893981177644	4.01078009846816	0.638015485504623	0.00975505495510425	97.7788544863022
437	2.55189076861174		4.0079833458013		0.99519157409668	2.54891185039073	3.98758546243595	0.639211842455068	0.0100001833775256	97.723680832495
434	2.56398706372942		4.01738312847858		0.996780753135681	2.56100814550841	4.00332259028416	0.639720653969738	0.0102400675479227	97.6697176991037
431	2.64908013834058		4.13652213190877		1.00035095214844	2.64610122011957	4.13684222435983	0.639642770163672	0.0104874665021349	97.61409529102
428	2.77506952016137		4.31974675275868		1.00449895858765	2.77209060194035	4.33804479327318	0.639018436655822	0.0107555322585463	97.5538621466252
425	2.84265546227412		4.42276284121423		1.00724053382874	2.83967654405311	4.45364658258995	0.637607069037287	0.0110372026795684	97.4906121405188
422	3.04230490483574		4.74617781306646		1.00762593746185	3.03932598661472	4.7812320096783	0.635678415199772	0.0113267288884772	97.4256408318339
419	2.87468005687272		4.51450131985157		1.00603270530701	2.87170113865171	4.54059791966387	0.632449996555583	0.0116694567078979	97.3487867453101
416	2.64239189129699		4.1846329007595		1.00299537181854	2.63941297307598	4.19603281189137	0.629025818291029	0.0120476798078574	97.2640434819769
413	2.44196611450996		3.90333853664912		0.998497366905212	2.43898719628895	3.89634371894029	0.625968182538139	0.0124879582426179	97.1654892445004
410	2.28353857852191		3.682198557064		0.993889927864075	2.2805596603009	3.65857573829992	0.623346302886881	0.0130011769746637	97.0507337085213
407	2.15561219719715		3.5004260846458		0.989984571933746	2.15263327897613	3.46424791689527	0.621385458147397	0.0136072578571639	96.9153887473346
404	2.08049836571018		3.39583460313013		0.98790580034256	2.07751944748916	3.35364715091038	0.619480629297927	0.0142799578412187	96.7653879589507
401	2.08111195579562		3.40637271099818		0.988417327404022	2.0781330375746	3.36579968196525	0.617426238617149	0.0150792165312522	96.5874684670356
398	2.12724896733001		3.48467813793138		0.99182003736496	2.124270049109	3.45505162253244	0.614830191032565	0.0160335762005131	96.3754510898245
395	2.14442077512272		3.50947618959011		0.998149752616882	2.14144185690171	3.50185365164306	0.611516662295967	0.0170975920081791	96.1396215012328
392	2.12100287604638		3.46383309651077		1.00708770751953	2.11802395782536	3.48724448268473	0.607363197029063	0.0184731645178762	95.8355932230148
389	2.11437538217637		3.44371364102476		1.01841080188751	2.11139646395536	3.50596311187119	0.602230085309845	0.0200017286155995	95.4988784886803
386	2.13422927858142		3.46566062580034		1.03232741355896	2.1312503603604	3.57652866843516	0.595899140742213	0.0218321463141271	95.0972270942537
383	2.16853585070996		3.51278257873705		1.04808735847473	2.16555693248894	3.68051738402218	0.588383834808127	0.0237839162492472	94.6708079966331
380	2.19034870462671		3.54303653613569		1.06401991844177	2.18736978640569	3.76865779297332	0.58041082702814	0.0257991829926538	94.2325225330882
377	2.18547259868916		3.53397362357425		1.07910001277924	2.18249368046814	3.81229027003514	0.572488852074746	0.027996377504595	93.7569827260626
374	2.17201671129175		3.51433886291052		1.09262192249298	2.16903779307074	3.83860767594456	0.565058473327052	0.0303519667457727	93.249826675668
371	2.164962985734		3.50811803041585		1.10292184352875	2.16198406751299	3.86793234508322	0.558950848833026	0.0328715730938475	92.7103940350291
368	2.16842996447991		3.52119047665267		1.10681164264679	2.1654510462589	3.89604255493199	0.555807852642077	0.0353148942839277	92.1902739926601
365	2.17585951401077		3.5426892778363		1.10139167308807	2.17288059578976	3.90064254158541	0.55705709319024	0.0376900691391692	91.6874577074198
362	2.1988711850614		3.59035605010677		1.08866059780121	2.19589226684039	3.90744763626464	0.561976121307558	0.039950908647591	91.2113936166748
359	2.22983640832634		3.65157091314342		1.07323324680328	2.22685749010533	3.91777323139267	0.568398771082964	0.0421469060031392	90.7513499493672
356	2.26299383861377		3.71532637431444		1.05542421340942	2.26001492039276	3.92005148666359	0.576526846160454	0.044114127584902	90.3412036253821
353	2.29308983947008		3.77413499468493		1.03646063804626	2.29011092124906	3.91056988735817	0.58562076301267	0.0460624835401913	89.936817682263
350	2.31423681204183		3.81722238709088		1.01822805404663	2.31125789382081	3.88565107104517	0.594818693588749	0.0478726146348148	89.562742856117
347	2.32972309005612		3.85015240404914		1.00210988521576	2.32674417183511	3.85714216504552	0.603230078714935	0.0495056322002017	89.2266048053277
344	2.33366343549936		3.86374158856516		0.988115131855011	2.33068451727835	3.81670374191042	0.610653766936529	0.0510736820135262	88.9050269588021
341	2.32630688523579		3.85916272383736		0.97557407617569	2.32332796701477	3.76379550863283	0.617283261453996	0.0525820593716757	88.5967805390635
338	2.30952471611339		3.84099030447638		0.964221119880676	2.30654579789238	3.70247321517255	0.622974337380826	0.0540755962025052	88.2926199001733
335	2.27215790107716		3.79198103709409		0.954874098300934	2.26917898285614	3.61978428955767	0.626882377881536	0.0555238139401933	87.9986857496159
332	2.21498260223335		3.71422296855713		0.946872651576996	2.21200368401234	3.51582501826563	0.629156363732665	0.0569661776811222	87.7069123546089
329	2.13460383668539		3.60260751490157		0.938952207565308	2.13162491846437	3.38161410644664	0.630357235144213	0.0585244017292287	87.3927887774187
326	2.04945716954515		3.48451029369377		0.931833863258362	2.04647825132413	3.24593056837258	0.630475054292421	0.0601441055716493	87.0674638817258
323	1.9674472321287		3.37239862177847		0.925504565238953	1.96446831390769	3.12012336000154	0.629612386193191	0.0620234878778749	86.6914989267894
320	1.89059815650804		3.26696581946538		0.919252157211304	1.88761923828703	3.00212548974239	0.628760937787781	0.0642171383752439	86.2547183955507
317	1.8220230188426		3.17427953077324		0.913403213024139	1.81904410062159	2.89836385162035	0.627610677522299	0.0667843556575279	85.7463503998707
314	1.76223892850532		3.09761808820847		0.908680856227875	1.7592600102843	2.81371832791605	0.625243825165428	0.0697839696827184	85.1561523572682
311	1.6956069890743		3.01364092057527		0.905046582221985	1.69262807085328	2.72646159767337	0.620814931814073	0.0734598074612709	84.4384383315518
308	1.61811340906168		2.91259826961183		0.902658760547638	1.61513449084067	2.62806122766339	0.614572626329822	0.0774771289463441	83.6609652591052
305	1.53278349851397		2.80108215189337		0.902248084545136	1.52980458029296	2.52625035441152	0.605563331291177	0.0819742411461508	82.7991272035281
302	1.4356908682867		2.67206653717451		0.904157757759094	1.43271195006569	2.41494687676378	0.593268516111474	0.0871215919859956	81.8235669799015
299	1.32870313800131		2.52569872892148		0.908673107624054	1.3257242197803	2.2940065929525	0.577907763584073	0.0928737003852844	80.7469820935394
296	1.2103721484839		2.35933592441045		0.919314444065094	1.20739323026289	2.16793163591457	0.556933258531252	0.0998140608269487	79.4668391837165
293	1.08904839286517		2.1880291843723		0.935736358165741	1.08606947464416	2.04635992575467	0.530732380445552	0.10841284685503	77.908914455425
290	0.961445898868213		2.00395432670939		0.954356729984283	0.958466980647198	1.91140769952797	0.501445599954365	0.118817233613772	76.0646316305059
287	0.823513148564873		1.80052494031522		0.971447765827179	0.820534230343858	1.74801699791265	0.469408610627745	0.132521636983229	73.7018455430419
284	0.698168335222952		1.61174965725606		0.985033094882965	0.695189417001938	1.58651245223361	0.43818717969922	0.147934679234993	71.1320492918844
281	0.581602299464362		1.42697063211549		0.994289815425873	0.578623381243347	1.41769759409708	0.408143022639372	0.163319362006436	68.6563384327323
278	0.485855326275171		1.26405088178992		0.996792435646057	0.482876408054156	1.258868753869	0.383579627796851	0.176504138816922	66.6033173986584
275	0.420184323272198		1.14678996428972		0.98714405298233	0.417205405051184	1.13093020445546	0.368904644519657	0.185868091129364	65.1826344125007
272	0.374761795530114		1.06346432558459		0.966205596923828	0.371782877309099	1.0264321809445	0.362208905966875	0.192163013417087	64.2446528295442
269	0.344290302426774		1.00490464137034		0.940902948379517	0.341311384205759	0.944453360503882	0.361385112784885	0.194582774329794	63.887695902917
266	0.324446705704307		0.96234951519761		0.90767240524292	0.321467787483293	0.872471311191491	0.368456570846186	0.192438342371335	64.2039366610132
263	0.306417950588358		0.916210036011857		0.867875158786774	0.303439032367344	0.794174162447072	0.382081219354157	0.186141634388102	65.141591624957
260	0.286583035506482		0.860885139382338		0.826263844966888	0.283604117285467	0.710383569346496	0.399226741049717	0.177631339203774	66.4306743085617
257	0.262766377886805		0.794043661988291		0.783925712108612	0.25978745966579	0.621584441420294	0.417943954762103	0.168858878412535	67.7861739246463
254	0.234994022956274		0.717870803405944		0.74089515209198	0.232015104735259	0.531028873863504	0.436916175663353	0.160916718255398	69.0372179197291
251	0.206451687712657		0.642088301114762		0.698560178279877	0.203472769491643	0.447747084561406	0.454436838356985	0.155371923726313	69.9242917652909
248	0.175520561890207		0.562763737070155		0.660330295562744	0.172541643669193	0.370862958156498	0.46524366986358	0.153208339310553	70.2735123626295
245	0.146579564538809		0.490192040887969		0.629273355007172	0.143600646317794	0.307752936093293	0.466610158592484	0.156331827780623	69.7699115197495
242	0.118679037459132		0.420292583159461		0.604725062847137	0.115700119238117	0.253477374501643	0.456451466193354	0.16634609230572	68.1795150276604
239	0.0950896047225798		0.358852750183527		0.585129261016846	0.0921106865015651	0.20931332766065	0.440061259027423	0.182128202779374	65.7463726854887
236	0.0717449847597079		0.292783136494891		0.573699116706848	0.0687660665386933	0.167320440069201	0.410984255780422	0.206778496832772	62.1185776763075
233	0.0531363494275702		0.233887454967531		0.570354223251343	0.0501574312065556	0.13275349483174	0.377823809988041	0.235359908242916	58.1621017399694
230	0.0367799523791271		0.175442938904678		0.571752786636353	0.0338010341581125	0.0996632042404474	0.33915259313321	0.270794408569979	53.6050359282548
Wavelength	I1	I1 dark	R1	R1dark	XCorrect	I1c	R1c	I1c/R1c	Abs	Percent T
nm	uA	uA	uA	uA		uA	uA	uA/uA	OD	T*100
	Abs Detector Raw	Dark Offset for Abs Detector	Ref Detector Raw	Dark Offset for Ref Detector	Linear interp	Dark subtracted Abs Detector	Corrected Ref Detector	Corrected Intensity 	-Log(T)	% Transmittance
800	0.14943416070355	0.00296482039888162	0.21395829595903	0.00111669936782945	1.34088253974915	0.146469340304668	0.285395580601472	0.513215166107281	1.94631265960697E-4	99.9551945354844
797	0.145770985478624		0.209050474018191		1.3260293006897	0.142806165079742	0.275726277789388	0.517927294506271	1.76700865481776E-4	99.95932139811
794	0.156930177328565		0.226079857037303		1.31175875663757	0.153965356929684	0.295097391993771	0.521744214306487	1.81951317682435E-4	99.9581129359066
791	0.171049557269401		0.246523384177295		1.29830348491669	0.168084736870519	0.31861235410998	0.527552477806617	1.61998322783105E-4	99.9627054638287
788	0.156715718367936		0.226002573712417		1.28535497188568	0.153750897969054	0.289058176695674	0.531902953677473	1.55703658751055E-4	99.9641543337382
785	0.152466718369655		0.220440292087914		1.27193987369537	0.149501897970773	0.2789664228228	0.535913592962179	1.63505390394047E-4	99.9623585787067
782	0.158415712295774		0.229517687681525		1.25860202312469	0.155450891896892	0.287465945975297	0.540762807119597	1.44447848986968E-4	99.9667451842608
779	0.167591734865004		0.243418908481692		1.24614322185516	0.164626914466123	0.301943255527772	0.545224678651518	1.13519389893197E-4	99.9738646103947
776	0.185811912557093		0.270688185716479		1.23451888561249	0.182847092158211	0.332791090920037	0.549435057449136	1.14356039234896E-4	99.9736720152987
773	0.21316094031036		0.311373055549028		1.22383856773376	0.210196119911479	0.379703694579094	0.553579338079613	9.41671199967751E-5	99.9783195698695
770	0.279282706556161		0.410023949930229		1.21381187438965	0.276317886157279	0.496336476256663	0.556714848445655	9.26906251244837E-5	99.9786594722474
767	0.421883114158965		0.620414794121287		1.20520555973053	0.418918293760083	0.746381506927391	0.561265639451107	5.82106690706332E-5	99.9865973963437
764	0.444027298030442		0.650455446772246		1.19851565361023	0.44106247763156	0.778242653259852	0.566741588608728	4.630617486547E-5	99.9893381776168
761	0.351589773070214		0.515323761368602		1.19181299209595	0.348624952671333	0.612838657120007	0.568869063041276	2.91186377941007E-5	99.9932954106363
758	0.336415216246083		0.494091635446362		1.18398952484131	0.333450395847202	0.583677160326296	0.571292520099281	3.60802047213023E-5	99.9916925709317
755	0.364965235205489		0.536667365256706		1.17633533477783	0.362000414806608	0.629987171848883	0.57461553343096	2.97709977058964E-5	99.9931452093994
752	0.402258129953935		0.591800292129912		1.16980671882629	0.399293309555053	0.690985635513538	0.577860506837165	9.45561525384326E-6	99.9978227878288
749	0.437243190086359		0.643464343437144		1.16390073299408	0.434278369687477	0.747628893769295	0.580874245640762	1.53414597541138E-6	99.9996467504586
746	0.497935102380467		0.733258880126683		1.15848278999329	0.494970281981585	0.848174116237285	0.583571547994648	-1.57844218111398E-5	100.003634563485
743	0.587699225709531		0.865018521934182		1.15345752239227	0.584734405310649	0.996474055847554	0.586803441473749	-2.90917541444107E-5	100.006698848305
740	0.66302405740928		0.9752205972995		1.14841175079346	0.660059237010399	1.11867236287844	0.590038029823146	-1.17589678823538E-5	100.002707639071
737	0.786882239897766		1.15791818995327		1.14263534545898	0.783917419498884	1.32180227082256	0.593067084845491	1.97991168078235E-5	99.9954411887953
734	0.940816202295371		1.38251697628726		1.13635516166687	0.93785138189649	1.56976133500544	0.597448389753619	5.01062041494582E-5	99.988463285656
731	0.992829349670545		1.4572181600708		1.12990951538086	0.989864529271664	1.64526289580825	0.601645203203457	1.03862684405179E-4	99.976087592589
728	0.968392753698853		1.42226822124561		1.12338900566101	0.965427933299971	1.59650599505591	0.604713002199633	1.36877626767466E-4	99.9684877278639
725	0.948521924310479		1.39544479239771		1.11702907085419	0.945557103911598	1.55750501422306	0.607097309656673	1.75398192840238E-4	99.9596212280041
722	0.948180701777663		1.39759530630513		1.11090362071991	0.945215881378782	1.55135314070455	0.609284795691014	2.13402906584328E-4	99.9508742355068
719	0.925920316734775		1.36690822512892		1.10438621044159	0.922955496335894	1.50836132738853	0.611892839982733	2.3843245061055E-4	99.9451139672505
716	0.841551856988887		1.24458428762943		1.09723365306854	0.838587036590006	1.3643744843406	0.614631134057958	2.47070706414355E-4	99.9431260468171
713	0.691554655439809		1.02534827654256		1.08915162086487	0.688589835040927	1.11554348242084	0.617268484726943	2.82322235866507E-4	99.9350140278629
710	0.520059893857002		0.775105361893066		1.07961905002594	0.51709507345812	0.835612904566344	0.618821311437831	3.23452666031525E-4	99.9255499990669
707	0.392837861589477		0.590764742207292		1.06877458095551	0.389873041190595	0.63020083989698	0.618648875895387	3.62091482002065E-4	99.9166601021238
704	0.316310588488283		0.481796461697883		1.05739140510559	0.313345768089401	0.508266649295997	0.616498777803773	3.89846527906108E-4	99.9102747967836
701	0.2794987574281		0.431769802351881		1.04672133922577	0.276533937029218	0.4507737926972	0.613464982901026	3.82601286466697E-4	99.911941592314
698	0.273669483311988		0.426793497592713		1.03894531726837	0.270704662913107	0.442254916185536	0.612100969386488	4.60325333348741E-4	99.8940623285636
695	0.300642544422471		0.470553086651257		1.03592443466187	0.297677724023589	0.486300624106293	0.612126962762286	4.68897517003897E-4	99.8920906208098
692	0.343918398283973		0.538366333603189		1.03646862506866	0.340953577885091	0.556842389714566	0.612298173024978	4.98025818601629E-4	99.8853910437041
689	0.373466662173472		0.584464710951948		1.0377025604248	0.370501841774591	0.605341725239558	0.612054028867691	5.04055944537315E-4	99.884004156855
686	0.384554351338152		0.602389175296829		1.03746140003204	0.381589530939271	0.623796984678033	0.6117207045113	5.29884630373622E-4	99.8780639573904
683	0.380823090214146		0.59706558019481		1.03570008277893	0.377858269815264	0.617224305204515	0.612189550264166	5.77606477888293E-4	99.867089597656
680	0.372885987126964		0.585587676645703		1.0333856344223	0.369921166728083	0.603983911655718	0.612468576710938	5.90962306517347E-4	99.8640184390737
677	0.379927151191847		0.597794804892824		1.03072738647461	0.376962330792965	0.615012464274399	0.612934456926351	6.23624418130182E-4	99.8565082191633
674	0.39175270992145		0.617372551396626		1.0278697013855	0.388787889522568	0.633430718601905	0.613781236219002	6.33706724788481E-4	99.8541900403852
671	0.400979650192198		0.632929367740715		1.02485907077789	0.398014829793316	0.647518944214336	0.614676733939029	6.58977612817547E-4	99.8483798568671
668	0.409035192304785		0.646676439218987		1.02161717414856	0.406070371905903	0.659514917170819	0.615710670575672	6.76979038038355E-4	99.84424124593
665	0.414462961905899		0.65622044171381		1.01794040203094	0.411498141507018	0.666856566855644	0.617071439286127	6.84473925683961E-4	99.8425181871662
662	0.421330184626262		0.668149151993294		1.01405811309814	0.41836536422738	0.676409670284606	0.618508845462469	7.13738832242845E-4	99.8357905319832
659	0.429862802542607		0.682684211139316		1.01044762134552	0.426897982143725	0.688688271055883	0.619871137763409	7.32385889102258E-4	99.8315040310613
656	0.445551526082213		0.708678806372361		1.00736176967621	0.442586705683331	0.712771016267912	0.620938135224307	7.56361291671231E-4	99.8259929446163
653	0.470238076886891		0.74911424017075		1.00482106208801	0.467273256488009	0.751603683388812	0.621701658487328	7.80625986408561E-4	99.8204156700238
650	0.499050578907992		0.796083188347329		1.00265884399414	0.49608575850911	0.797080180854266	0.62237873983698	8.20057317924377E-4	99.8113529870131
647	0.511209260347445		0.816238838291205		1.00098860263824	0.508244439948564	0.815927970820407	0.622903562722	8.4216631003325E-4	99.8062719363928
644	0.51014228037124		0.815592082922695		0.999615073204041	0.507177459972358	0.814161870155086	0.622944255392049	8.87702537978637E-4	99.7958076936188
641	0.522985479325048		0.83743037446141		0.99827116727829	0.520020658926167	0.834867828646465	0.622877826984007	9.24706404001386E-4	99.787304998943
638	0.545273830829006		0.87435246537833		0.996643483638763	0.542309010430124	0.87030473587467	0.623125427308051	9.54670487341915E-4	99.7804204261434
635	0.570233272105005		0.915524550174752		0.994565904140472	0.567268451706124	0.909438870890933	0.623756549079982	9.85470581059541E-4	99.7733442659482
632	0.593123044657585		0.953385811620146		0.992188215255737	0.590158224258704	0.944830190928791	0.624618296414262	0.00103118063591313	99.7628435452831
629	0.614535561509281		0.989006672073515		0.989726662635803	0.611570741110399	0.977741045737373	0.62549357396485	0.00107253028879721	99.7533454679439
626	0.639601697273379		1.030585197298		0.986993134021759	0.636636876874498	1.01607833914877	0.626562787873074	0.00113155583635644	99.7397887777766
623	0.661841979166933		1.06752118530959		0.984223663806915	0.658877158768052	1.04958053025373	0.627752840088194	0.00115883512529511	99.7335240307437
620	0.678646824680839		1.0956523430341		0.981929302215576	0.675682004281958	1.0747566208353	0.628683732840669	0.00121734054103708	99.7200894638227
617	0.687002589417959		1.1101783555493		0.980959832668304	0.684037769019077	1.08794493666661	0.628743005243377	0.0012682921371218	99.7083909507243
614	0.692602679117262		1.12024162088995		0.981367647647858	0.68963785871838	1.09827299165825	0.627929361785647	0.00130851598934919	99.6991565026133
611	0.699832192638179		1.1328871011861		0.982362389564514	0.696867372239297	1.11180867636858	0.6267871325806	0.00135323590096624	99.6888908692474
608	0.709761542574089		1.14993698148906		0.982585072517395	0.706796722175208	1.12881366021755	0.626141184399729	0.00140437618439192	99.6771527095572
605	0.725880614164954		1.17698074480874		0.981410205364227	0.722915793766072	1.15400497431657	0.626440795191719	0.00144960859530902	99.6667717276756
602	0.745945575022278		1.21024520329398		0.979359269142151	0.742980754623397	1.18417120790406	0.627426802530055	0.00149290108179726	99.6568369771906
599	0.772091348233235		1.253253982419		0.977581381797791	0.769126527834353	1.2240660953657	0.62833741637503	0.00155408411065507	99.6427983975742
596	0.801860566253931		1.30209199430882		0.976614892482758	0.79889574585505	1.27055184779152	0.628778547875632	0.00161705538736503	99.628351565729
593	0.830984939916853		1.34981982248725		0.976398348808289	0.828020119517971	1.31687150244638	0.628778220183018	0.00167358596568565	99.6153841391791
590	0.859344808577946		1.39637467215474		0.976394712924957	0.856379988179065	1.36232250779553	0.628617660853914	0.00173926979843729	99.6003191873329
587	0.885209754153306		1.43882003087185		0.976113736629486	0.882244933754424	1.40336197107905	0.628665270925121	0.00180573730841533	99.5850768139871
584	0.906362750894955		1.47357801535211		0.975447654724121	0.903397930496073	1.43630893734886	0.62897187854555	0.00186862384879244	99.5706577784654
581	0.924849774136514		1.50401558542091		0.974489092826843	0.921884953737632	1.46455857208034	0.62946267313033	0.0019416477732014	99.5539169971891
578	0.946935336792405		1.54031599970458		0.973618805408478	0.943970516393523	1.49859338407943	0.629904366602683	0.0020184087349145	99.5363225320842
575	0.971027283107271		1.57975231424426		0.972994327545166	0.968062462708389	1.53600349853554	0.630247563649015	0.00208752295453333	99.5204834455321
572	0.995872810351743		1.62039077050278		0.972547769546509	0.992907989952862	1.57482138616679	0.630489272418163	0.00216901852511974	99.501810130532
569	1.02186203937387		1.66275305182765		0.972193658351898	1.01889721897499	1.61543232434841	0.630727269485563	0.00224228523527714	99.4850253089763
566	1.04728136849593		1.70414552663784		0.972323656082153	1.04431654809705	1.65589521574447	0.630665840548092	0.00232100607921103	99.4669941440831
563	1.07472758786869		1.74877775302199		0.972873628139496	1.0717627674698	1.70025335002662	0.630354745340172	0.00241218837971907	99.4461127428953
560	1.10488123337808		1.79765353041459		0.9736088514328	1.1019164129792	1.74912416063216	0.629981814773488	0.00250764242666188	99.4242577776611
557	1.13603415988934		1.84796862970084		0.974480867385864	1.13306933949046	1.79972187100417	0.629580246673478	0.00259139029487053	99.405086991013
554	1.16969103963767		1.90231080599737		0.975422322750092	1.16672621923879	1.85446717148738	0.629143636068259	0.00270817889612021	99.3783589971792
551	1.20253004829551		1.95501371167057		0.976292371749878	1.19956522789663	1.90757474829605	0.628843105083117	0.00280522648039469	99.3561543582113
548	1.23471962031044		2.00643872916528		0.976854741573334	1.23175479991156	1.95890833318911	0.6287965490995	0.00288338743136349	99.3382746174753
545	1.27008451701972		2.06139958099645		0.976897537708282	1.26711969662084	2.01268527404553	0.629566735028527	0.00301147492131896	99.3089808672466
542	1.30467202420573		2.11623062997169		0.976688385009766	1.30170720380685	2.06580720899315	0.63012037044894	0.00312441032145489	99.2831595827798
539	1.33662103469819		2.16657081165531		0.976733922958374	1.33365621429931	2.11507249008089	0.630548702493076	0.00324648758299369	99.2552556755287
536	1.37584921386273		2.22853257288233		0.977351248264313	1.37288439346385	2.17696768438314	0.630640685809198	0.00338391779551106	99.2238518391515
533	1.42024494915897		2.29850903744647		0.978485703468323	1.41728012876008	2.24796555806761	0.630472350287431	0.00351613637161935	99.1936482788588
530	1.46526987939898		2.36933866851111		0.97979062795639	1.4623050590001	2.32036169028701	0.630205655058552	0.00365782037331079	99.1612926737208
527	1.51793279788972		2.45193304196037		0.980956435203552	1.51496797749084	2.40414406276819	0.630148584251838	0.00381234343525283	99.1260171139265
524	1.57512053997078		2.54144536948356		0.981513798236847	1.5721557195719	2.49336764177525	0.63053506158945	0.003963699283498	99.0914767526421
521	1.63533774432		2.63557450362892		0.98179018497467	1.63237292392112	2.58648481495346	0.631116376359045	0.00414293598621458	99.0505893691075
518	1.69975977287118		2.7357742932676		0.982168912887573	1.6967949524723	2.68589567612029	0.631742687386607	0.00429940738904376	99.0149089870903
515	1.77134808923552		2.84693834555779		0.983009278774261	1.76838326883664	2.79746908394137	0.632136840756485	0.00449289033535068	98.9708065859104
512	1.83883999204201		2.95081666789662		0.984047532081604	1.83587517164312	2.90264497441194	0.632483540986635	0.00467122136514026	98.9301753012971
509	1.91078071929361		3.06106036862798		0.985204875469208	1.90781589889473	3.01467142161624	0.632843727251675	0.00484529692666737	98.8905296791731
506	1.99026874265763		3.18301348825787		0.986456871032715	1.98730392225875	3.13880395031751	0.63314050629308	0.00502303661873026	98.850065945982
503	2.07384718592718		3.31376073627058		0.987697958946228	2.0708823655283	3.27189175396424	0.632931197378155	0.00519654939461568	98.810580471936
500	2.16235174673076		3.44775684169219		0.988681137561798	2.15938692633188	3.40762809667941	0.633692077030387	0.00540351304598839	98.7635033678763
497	2.32440710496994		3.6980279124695		0.988923311233521	2.32144228457106	3.65596167819684	0.634974457860297	0.00559186356183311	98.7206796057734
494	2.57486268746526		4.08584075271675		0.988562703132629	2.57189786706638	4.03800585172948	0.636922768689113	0.00577263340188811	98.6795968642512
491	2.67211770172509		4.22737166767857		0.98904812335968	2.66915288132621	4.17996954524726	0.63855797331373	0.00593839014163715	98.6419411078665
488	2.70264028216953		4.26430982915207		0.991359889507294	2.69967546177065	4.22635867009115	0.638771025487154	0.00613095598021607	98.5982130424112
485	2.95571644326767		4.65060704684678		0.992995142936707	2.95275162286878	4.6169213321777	0.639549910086087	0.0063151269335721	98.5564094324776
482	3.20524071473155		5.02593701605016		0.994394838809967	3.20227589433267	4.99665538885637	0.640883880340125	0.00648968374412223	98.5168044263972
479	3.25944720377277		5.09474618325568		0.99604320526123	3.25648238337389	5.07347503754476	0.641864276314606	0.00667136220287815	98.4756004997034
476	3.59682986355746		5.61455013625677		0.998053312301636	3.59386504315858	5.60250583507176	0.64147457387031	0.00686154943794318	98.4324852802401
473	4.24653607922309		6.61039030317603		1.00068914890289	4.2435712588242	6.61382837746118	0.641621012314983	0.00704525099518264	98.3908582786543
470	4.86190249033842		7.53191328533365		1.00380909442902	4.85893766993954	7.55948210128747	0.642760655404158	0.00720959185485465	98.353633354263
467	5.15590361221053		7.9565706273868		1.00672602653503	5.15293879181164	8.00896252223707	0.64339654199959	0.00736966425927443	98.3173888193282
464	4.96372364471672		7.64632822139991		1.00893819332123	4.96075882431784	7.71354590059768	0.643123005715628	0.0075522595713607	98.2760608227055
461	4.61296947131358		7.10531863371792		1.01032972335815	4.6100046509147	7.1775863750124	0.642277836873365	0.00774785104224957	98.2318105909355
458	4.25823819343414		6.56693079163093		1.01095962524414	4.25527337303526	6.63777295413701	0.641069437360485	0.00791654054015137	98.1936626113804
455	3.87653892005699		5.99739092818405		1.01064646244049	3.87357409965811	6.06011333717619	0.639191692322881	0.00809607292296493	98.1530788608136
452	3.62000591815236		5.62673611032917		1.00919055938721	3.61704109775348	5.67732200024761	0.637103390928984	0.00827863280946219	98.1118279353776
449	3.31636451799846		5.17638033332011		1.00661778450012	3.31339969759958	5.2095124134131	0.636028755602629	0.00847779983436745	98.0668442625072
446	2.87857119455248		4.50935381987214		1.00299048423767	2.8756063741536	4.52171893255286	0.635954250374006	0.00866483632937533	98.0246191583663
443	2.62710518481511		4.12598880919696		0.999023199081421	2.62414036441622	4.12084293096322	0.63679698750441	0.00888221494386066	97.9755669026152
440	2.57405080514429		4.04480521332994		0.996054291725159	2.57108598474541	4.02773329873169	0.638345638613913	0.00909770722649246	97.9269645319138
437	2.56442040113004		4.02534689797801		0.99519157409668	2.56145558073115	4.00487998588226	0.639583605441519	0.00933195643308772	97.8741590523955
434	2.5759851191014		4.03379677099112		0.996780753135681	2.57302029870252	4.01969787894792	0.640102907280177	0.0095634584243835	97.8220008377295
431	2.66080933751246		4.15223682911161		1.00035095214844	2.65784451711358	4.15257697427173	0.640047019858002	0.0098383986302742	97.7600919472145
428	2.78935533797538		4.33918794652865		1.00449895858765	2.7863905175765	4.35758805005205	0.639434128598552	0.0101258646839037	97.695404482247
425	2.85520282794664		4.43928642024977		1.00724053382874	2.85223800754776	4.47030443888365	0.63804111029629	0.0104049561801058	97.6326424656104
422	3.05966334714919		4.76941514939939		1.00762593746185	3.05669852675031	4.80466119581095	0.636194395853626	0.0107230943739514	97.5611488132408
419	2.89054369206324		4.53565085345847		1.00603270530701	2.88757887166436	4.56188966234682	0.632978674494917	0.0110667522855856	97.4839790579088
416	2.65797466223082		4.20554005887908		1.00299537181854	2.65500984183194	4.21701717075556	0.629594268727211	0.0114385056333137	97.4005690886493
413	2.45271919918379		3.917142455051		0.998497366905212	2.44975437878491	3.91014140578264	0.626512988804449	0.0119002032676313	97.297077750131
410	2.29598103818899		3.69900172594217		0.993889927864075	2.29301621779011	3.67529068231162	0.623900642424259	0.0124191199789858	97.1808917742837
407	2.16962587023685		3.52002041318079		0.989984571933746	2.16666104983797	3.48366038679519	0.621949561458602	0.0130047541349107	97.0499343324959
404	2.09129929218069		3.41021722514298		0.98790580034256	2.08833447178181	3.36787018336414	0.62007570306519	0.0136931804901482	96.8962164989348
401	2.09091315814903		3.41920903174767		0.988417327404022	2.08794833775015	3.37850168799106	0.618010150822713	0.0145014767847632	96.7160437890234
398	2.1410490588276		3.5036937628554		0.99182003736496	2.13808423842872	3.47392611398189	0.615466238566024	0.0154264928174845	96.5102647919865
395	2.15634677971374		3.52524205622633		0.998149752616882	2.15338195931486	3.51760485313919	0.612172784954266	0.016496887047703	96.2726913618715
392	2.13126838992137		3.47659214675275		1.00708770751953	2.12830356952249	3.5001086008473	0.608067866524848	0.0178486983459508	95.9734930469795
389	2.12534450200559		3.45738714438809		1.01841080188751	2.12237968160671	3.51990315545319	0.602965362361923	0.0193726565517203	95.6373080789161
386	2.14390855466579		3.47680127516989		1.03232741355896	2.1409437342669	3.58804446848451	0.596688182956433	0.0211776651414328	95.2406465208718
383	2.17800596297681		3.52331089168326		1.04808735847473	2.17504114257792	3.69156720705892	0.589191804071416	0.02312490249746	94.8145738670885
380	2.1987349960971		3.55147787399259		1.06401991844177	2.19577017569822	3.77765500746307	0.581252171349764	0.0251142574972028	94.3812538235219
377	2.19634341529611		3.54619793749025		1.07910001277924	2.19337859489723	3.82549720936133	0.573357781971409	0.0272955212455961	93.9084081306159
374	2.18025927839749		3.5222395855352		1.09262192249298	2.17729445799861	3.84725605721823	0.565934376505449	0.0296308838977667	93.4047830615661
371	2.1737910997124		3.51684699766612		1.10292184352875	2.17082627931351	3.87757574194903	0.559841102735589	0.0321047210111852	92.8742413011945
368	2.17753578963884		3.53031278618653		1.10681164264679	2.17457096923996	3.90615531807443	0.556703661827745	0.0345215935769311	92.3588265501171
365	2.18914164530536		3.55856388226506		1.10139167308807	2.18617682490647	3.91814270469363	0.55796253216801	0.0368658243045279	91.8616360049663
362	2.21197129365163		3.60606491967291		1.08866059780121	2.20900647325275	3.92456508455973	0.562866566270888	0.0391265395894978	91.3846936763911
359	2.24317896320467		3.66769128417275		1.07323324680328	2.24021414280579	3.93508974629659	0.569291753743128	0.0413239275518092	90.923484797534
356	2.27507343451277		3.72951368871088		1.05542421340942	2.27210861411389	3.93504045975545	0.577404130237353	0.0432911239144306	90.5125657744463
353	2.30716644341774		3.79150750438113		1.03646063804626	2.30420162301885	3.92859087220878	0.586521146632751	0.0452397560850505	90.1073554697129
350	2.32677912522413		3.83215920587885		1.01822805404663	2.32381430482525	3.90087495637465	0.595716174143899	0.0470594779071479	89.7305897402534
347	2.33795427166386		3.8580112541154		1.00210988521576	2.33498945126497	3.86503215954737	0.604131959289679	0.0487049807874422	89.3912518417546
344	2.34193668741943		3.87168700601388		0.988115131855011	2.33897186702054	3.82456908890565	0.611564809694629	0.0502740267332916	89.0688763020571
341	2.33729572674461		3.87163638101408		0.97557407617569	2.33433090634573	3.77597866274186	0.618205534204659	0.0517847397348146	88.7595844413637
338	2.31984128833779		3.85236218187235		0.964221119880676	2.31687646793891	3.7134522320759	0.623914439487411	0.0532755348035638	88.4554233119281
335	2.28328983218502		3.80485418645671		0.954874098300934	2.28032501178614	3.63209040315745	0.627827162507795	0.0547379100311885	88.1580732775563
332	2.2253138241159		3.72594013892047		0.946872651576996	2.22234900371702	3.52693344686536	0.630108006628869	0.0561932425926755	87.8631476162419
329	2.14504761105772		3.61481119893483		0.938952207565308	2.14208279065884	3.39308642783505	0.631308054250062	0.0577764490299036	87.5434284804532
326	2.05964672150639		3.4964914655209		0.931833863258362	2.0566819011075	3.25710857188021	0.631444072470774	0.0594057256360424	87.2156203825564
323	1.97967691591773		3.38808848255562		0.925504565238953	1.97671209551884	3.13465784767581	0.630598997266791	0.0613050310309898	86.8350320604882
320	1.90202261691161		3.28151400055959		0.919252157211304	1.89905779651273	3.01551229563067	0.629762909361827	0.0635189121633677	86.3935038202363
317	1.83190372436953		3.1862607172488		0.913403213024139	1.82893890397065	2.90932077987709	0.628648073674402	0.0660829950960739	85.8849376896379
314	1.7734272048278		3.11200221168615		0.908680856227875	1.77046238442892	2.8268021109603	0.626312813891124	0.0690833003920808	85.2936499783101
311	1.70701368824747		3.02855305918756		0.905046582221985	1.70404886784859	2.73997093034942	0.621922243398136	0.072745786357096	84.5773772740512
308	1.62896020711404		2.92659900197776		0.902658760547638	1.62599538671516	2.64071222927793	0.615741226434116	0.0767361269491899	83.8038311296647
305	1.54140012811821		2.81122551611065		0.902248084545136	1.53843530771933	2.5354152972696	0.606778427729799	0.0812186868390614	82.9433005453345
302	1.44437575716801		2.68256250148804		0.904157757759094	1.44141093676913	2.42445002399755	0.594531098806675	0.0863317405484186	81.9725149178637
299	1.33620702346937		2.53418463586999		0.908673107624054	1.33324220307049	2.30173071368427	0.579234658139673	0.0920308940653569	80.9038345206177
296	1.21706147218764		2.36674787994724		0.919314444065094	1.21409665178876	2.17475891363741	0.558267237888044	0.0989438908079354	79.6262217816306
293	1.09544248951931		2.19544541114931		0.935736358165741	1.09247766912043	2.05331315738092	0.532056040839833	0.107514741187398	78.0701940448404
290	0.96741230814613		2.01121055104563		0.954356729984283	0.964447487747248	1.91834659524874	0.502749341613211	0.117858707322682	76.2326983936298
287	0.828711687972811		1.80694070200834		0.971447765827179	0.82574686757393	1.75426369284221	0.470708520585109	0.131488708995082	73.8773469745726
284	0.702449382569127		1.61711073206374		0.985033094882965	0.699484562170246	1.59180760333885	0.439427830790016	0.146851022160575	71.3097605007756
281	0.585530973612482		1.43243315650772		0.994289815425873	0.582566153213601	1.42314337598564	0.409351695018168	0.162169462174156	68.8383635896433
278	0.488920160094711		1.26821690045003		0.996792435646057	0.48595533969583	1.26303589564434	0.384751804261208	0.175321970088383	66.7848615387543
275	0.422558233632585		1.14970378141675		0.98714405298233	0.419593413233704	1.13382090737692	0.370070273447706	0.184642505961646	65.3668405221996
272	0.377187574939366		1.06698869629805		0.966205596923828	0.374222754540484	1.02985148903835	0.363375456096027	0.19091437377734	64.4296283520507
269	0.346224700459816		1.00733186548174		0.940902948379517	0.343259880060934	0.94675081650076	0.36256623609752	0.193326214221824	64.0728121827529
266	0.326114645455943		0.964184239921724		0.90767240524292	0.323149825057062	0.874149830945937	0.369673268377086	0.191192358601562	64.3884011921754
263	0.308211811512587		0.918668215323324		0.867875158786774	0.305246991113705	0.796320167604919	0.383321939505554	0.18493145966759	65.323363781135
260	0.288094167244829		0.862744363618073		0.826263844966888	0.285129346845947	0.711931786793246	0.400500935813324	0.176463665801405	66.6095246216867
257	0.264122816022254		0.795731221796001		0.783925712108612	0.261157995623372	0.622918755346349	0.41924888820881	0.167807369315165	67.950495922062
254	0.236276415834451		0.719637481865681		0.74089515209198	0.233311595435569	0.532348564429995	0.438268478633702	0.159927419553552	69.1946601208891
251	0.207409420863127		0.64315965532801		0.698560178279877	0.204444600464246	0.448505641778883	0.455835069662376	0.154395602329535	70.0816628087369
248	0.176177226163706		0.563216734199692		0.660330295562744	0.173212405764825	0.371171682136353	0.466663848836382	0.152256231634622	70.4277426105381
245	0.147309463827884		0.49118873842427		0.629273355007172	0.144344643429003	0.308389276212252	0.468059866419143	0.155402148779753	69.9194255005765
242	0.119281570339414		0.421160566249254		0.604725062847137	0.116316749940533	0.254011053798424	0.45792003222363	0.165344099592033	68.33699859811
239	0.0954784540557428		0.359214896941113		0.585129261016846	0.0925136336568612	0.20953373371752	0.441521429583182	0.181038829899928	65.9114961702117
236	0.072114938218923		0.293339417925774		0.573699116706848	0.0691501178200414	0.167647915518367	0.412472279218203	0.205294660028989	62.331178753304
233	0.053392261329929		0.234335432871015		0.570354223251343	0.0504274409310474	0.133017289594871	0.379104408792522	0.23346439267424	58.4165100181972
230	0.0369179331830191		0.175641163238602		0.571752786636353	0.0339531127841375	0.0997848485543297	0.34026320905474	0.267950021600284	53.9572712710194
